 0.000000e+00  3.000000e+00
 5.000000e-02  3.300000e+00
 1.000000e-01  3.578535e+00
 1.500000e-01  3.832821e+00
 2.000000e-01  4.060318e+00
 2.500000e-01  4.258752e+00
 3.000000e-01  4.426142e+00
 3.500000e-01  4.560814e+00
 4.000000e-01  4.661423e+00
 4.500000e-01  4.726964e+00
 5.000000e-01  4.756782e+00
 5.500000e-01  4.750578e+00
 6.000000e-01  4.708415e+00
 6.500000e-01  4.630715e+00
 7.000000e-01  4.518253e+00
 7.500000e-01  4.372153e+00
 8.000000e-01  4.193875e+00
 8.500000e-01  3.985201e+00
 9.000000e-01  3.748214e+00
 9.500000e-01  3.485284e+00
 1.000000e+00  3.199037e+00
 1.050000e+00  2.892334e+00
 1.100000e+00  2.568238e+00
 1.150000e+00  2.229989e+00
 1.200000e+00  1.880965e+00
 1.250000e+00  1.524654e+00
 1.300000e+00  1.164616e+00
 1.350000e+00  8.044495e-01
 1.400000e+00  4.477519e-01
 1.450000e+00  9.808757e-02
 1.500000e+00 -2.410497e-01
 1.550000e+00 -5.662715e-01
 1.600000e+00 -8.743282e-01
 1.650000e+00 -1.162142e+00
 1.700000e+00 -1.426837e+00
 1.750000e+00 -1.665768e+00
 1.800000e+00 -1.876548e+00
 1.850000e+00 -2.057072e+00
 1.900000e+00 -2.205534e+00
 1.950000e+00 -2.320453e+00
 2.000000e+00 -2.400680e+00
 2.050000e+00 -2.445412e+00
 2.100000e+00 -2.454204e+00
 2.150000e+00 -2.426967e+00
 2.200000e+00 -2.363974e+00
 2.250000e+00 -2.265853e+00
 2.300000e+00 -2.133586e+00
 2.350000e+00 -1.968493e+00
 2.400000e+00 -1.772225e+00
 2.450000e+00 -1.546743e+00
 2.500000e+00 -1.294298e+00
 2.550000e+00 -1.017415e+00
 2.600000e+00 -7.188586e-01
 2.650000e+00 -4.016127e-01
 2.700000e+00 -6.884691e-02
 2.750000e+00  2.761138e-01
 2.800000e+00  6.298228e-01
 2.850000e+00  9.887459e-01
 2.900000e+00  1.349297e+00
 2.950000e+00  1.707873e+00
 3.000000e+00  2.060892e+00
 3.050000e+00  2.404826e+00
 3.100000e+00  2.736239e+00
 3.150000e+00  3.051820e+00
 3.200000e+00  3.348415e+00
 3.250000e+00  3.623060e+00
 3.300000e+00  3.873012e+00
 3.350000e+00  4.095774e+00
 3.400000e+00  4.289119e+00
 3.450000e+00  4.451116e+00
 3.500000e+00  4.580145e+00
 3.550000e+00  4.674918e+00
 3.600000e+00  4.734489e+00
 3.650000e+00  4.758260e+00
 3.700000e+00  4.745996e+00
 3.750000e+00  4.697819e+00
 3.800000e+00  4.614210e+00
 3.850000e+00  4.496004e+00
 3.900000e+00  4.344382e+00
 3.950000e+00  4.160860e+00
 4.000000e+00  3.947271e+00
 4.050000e+00  3.705750e+00
 4.100000e+00  3.438708e+00
 4.150000e+00  3.148816e+00
 4.200000e+00  2.838968e+00
 4.250000e+00  2.512262e+00
 4.300000e+00  2.171961e+00
 4.350000e+00  1.821466e+00
 4.400000e+00  1.464278e+00
 4.450000e+00  1.103966e+00
 4.500000e+00  7.441316e-01
 4.550000e+00  3.883688e-01
 4.600000e+00  4.023267e-02
 4.650000e+00 -2.967984e-01
 4.700000e+00 -6.193569e-01
 4.750000e+00 -9.242199e-01
 4.800000e+00 -1.208341e+00
 4.850000e+00 -1.468882e+00
 4.900000e+00 -1.703240e+00
 4.950000e+00 -1.909072e+00
 5.000000e+00 -2.084322e+00
 5.050000e+00 -2.227239e+00
 5.100000e+00 -2.336395e+00
 5.150000e+00 -2.410700e+00
 5.200000e+00 -2.449411e+00
 5.250000e+00 -2.452141e+00
 5.300000e+00 -2.418863e+00
 5.350000e+00 -2.349909e+00
 5.400000e+00 -2.245969e+00
 5.450000e+00 -2.108081e+00
 5.500000e+00 -1.937622e+00
 5.550000e+00 -1.736296e+00
 5.600000e+00 -1.506115e+00
 5.650000e+00 -1.249378e+00
 5.700000e+00 -9.686506e-01
 5.750000e+00 -6.667376e-01
 5.800000e+00 -3.466558e-01
 5.850000e+00 -1.160317e-02
 5.900000e+00  3.350724e-01
 5.950000e+00  6.899072e-01
 6.000000e+00  1.049356e+00
 6.050000e+00  1.409826e+00
 6.100000e+00  1.767718e+00
 6.150000e+00  2.119454e+00
 6.200000e+00  2.461520e+00
 6.250000e+00  2.790498e+00
 6.300000e+00  3.103102e+00
 6.350000e+00  3.396208e+00
 6.400000e+00  3.666887e+00
 6.450000e+00  3.912435e+00
 6.500000e+00  4.130398e+00
 6.550000e+00  4.318599e+00
 6.600000e+00  4.475156e+00
 6.650000e+00  4.598507e+00
 6.700000e+00  4.687418e+00
 6.750000e+00  4.741000e+00
 6.800000e+00  4.758720e+00
 6.850000e+00  4.740399e+00
 6.900000e+00  4.686220e+00
 6.950000e+00  4.596725e+00
 7.000000e+00  4.472809e+00
 7.050000e+00  4.315708e+00
 7.100000e+00  4.126994e+00
 7.150000e+00  3.908551e+00
 7.200000e+00  3.662562e+00
 7.250000e+00  3.391486e+00
 7.300000e+00  3.098029e+00
 7.350000e+00  2.785126e+00
 7.400000e+00  2.455901e+00
 7.450000e+00  2.113645e+00
 7.500000e+00  1.761777e+00
 7.550000e+00  1.403813e+00
 7.600000e+00  1.043330e+00
 7.650000e+00  6.839289e-01
 7.700000e+00  3.292016e-01
 7.750000e+00 -1.730799e-02
 7.800000e+00 -3.521375e-01
 7.850000e+00 -6.719415e-01
 7.900000e+00 -9.735247e-01
 7.950000e+00 -1.253874e+00
 8.000000e+00 -1.510187e+00
 8.050000e+00 -1.739904e+00
 8.100000e+00 -1.940730e+00
 8.150000e+00 -2.110657e+00
 8.200000e+00 -2.247989e+00
 8.250000e+00 -2.351352e+00
 8.300000e+00 -2.419714e+00
 8.350000e+00 -2.452392e+00
 8.400000e+00 -2.449059e+00
 8.450000e+00 -2.409749e+00
 8.500000e+00 -2.334855e+00
 8.550000e+00 -2.225124e+00
 8.600000e+00 -2.081654e+00
 8.650000e+00 -1.905878e+00
 8.700000e+00 -1.699551e+00
 8.750000e+00 -1.464736e+00
 8.800000e+00 -1.203779e+00
 8.850000e+00 -9.192868e-01
 8.900000e+00 -6.141025e-01
 8.950000e+00 -2.912752e-01
 9.000000e+00  4.596946e-02
 9.050000e+00  3.942619e-01
 9.100000e+00  7.501221e-01
 9.150000e+00  1.109994e+00
 9.200000e+00  1.470283e+00
 9.250000e+00  1.827388e+00
 9.300000e+00  2.177742e+00
 9.350000e+00  2.517843e+00
 9.400000e+00  2.844294e+00
 9.450000e+00  3.153833e+00
 9.500000e+00  3.443367e+00
 9.550000e+00  3.710003e+00
 9.600000e+00  3.951077e+00
 9.650000e+00  4.164180e+00
 9.700000e+00  4.347183e+00
 9.750000e+00  4.498258e+00
 9.800000e+00  4.615894e+00
 9.850000e+00  4.698917e+00
 9.900000e+00  4.746497e+00
 9.950000e+00  4.758159e+00
 1.000000e+01  4.733786e+00
 1.005000e+01  4.673622e+00
 1.010000e+01  4.578267e+00
 1.015000e+01  4.448675e+00
 1.020000e+01  4.286140e+00
 1.025000e+01  4.092287e+00
 1.030000e+01  3.869052e+00
 1.035000e+01  3.618666e+00
 1.040000e+01  3.343630e+00
 1.045000e+01  3.046693e+00
 1.050000e+01  2.730821e+00
 1.055000e+01  2.399171e+00
 1.060000e+01  2.055057e+00
 1.065000e+01  1.701916e+00
 1.070000e+01  1.343277e+00
 1.075000e+01  9.827238e-01
 1.080000e+01  6.238584e-01
 1.085000e+01  2.702668e-01
 1.090000e+01 -7.451816e-02
 1.095000e+01 -4.070515e-01
 1.100000e+01 -7.240106e-01
 1.105000e+01 -1.022229e+00
 1.110000e+01 -1.298726e+00
 1.115000e+01 -1.550739e+00
 1.120000e+01 -1.775751e+00
 1.125000e+01 -1.971514e+00
 1.130000e+01 -2.136070e+00
 1.135000e+01 -2.267777e+00
 1.140000e+01 -2.365317e+00
 1.145000e+01 -2.427717e+00
 1.150000e+01 -2.454353e+00
 1.155000e+01 -2.444959e+00
 1.160000e+01 -2.399629e+00
 1.165000e+01 -2.318815e+00
 1.170000e+01 -2.203325e+00
 1.175000e+01 -2.054313e+00
 1.180000e+01 -1.873269e+00
 1.185000e+01 -1.662000e+00
 1.190000e+01 -1.422617e+00
 1.195000e+01 -1.157514e+00
 1.200000e+01 -8.693376e-01
 1.205000e+01 -5.609682e-01
 1.210000e+01 -2.354867e-01
 1.215000e+01  1.038547e-01
 1.220000e+01  4.536655e-01
 1.225000e+01  8.104506e-01
 1.230000e+01  1.170645e+00
 1.235000e+01  1.530650e+00
 1.240000e+01  1.886868e+00
 1.245000e+01  2.235740e+00
 1.250000e+01  2.573780e+00
 1.255000e+01  2.897612e+00
 1.260000e+01  3.203998e+00
 1.265000e+01  3.489878e+00
 1.270000e+01  3.752395e+00
 1.275000e+01  3.988927e+00
 1.280000e+01  4.197110e+00
 1.285000e+01  4.374864e+00
 1.290000e+01  4.520413e+00
 1.295000e+01  4.632302e+00
 1.300000e+01  4.709414e+00
 1.305000e+01  4.750978e+00
 1.310000e+01  4.756579e+00
 1.315000e+01  4.726161e+00
 1.320000e+01  4.660028e+00
 1.325000e+01  4.558840e+00
 1.330000e+01  4.423609e+00
 1.335000e+01  4.255686e+00
 1.340000e+01  4.056748e+00
 1.345000e+01  3.828784e+00
 1.350000e+01  3.574071e+00
 1.355000e+01  3.295154e+00
 1.360000e+01  2.994820e+00
 1.365000e+01  2.676070e+00
 1.370000e+01  2.342089e+00
 1.375000e+01  1.996213e+00
 1.380000e+01  1.641899e+00
 1.385000e+01  1.282687e+00
 1.390000e+01  9.221656e-01
 1.395000e+01  5.639372e-01
 1.400000e+01  2.115813e-01
 1.405000e+01 -1.313816e-01
 1.410000e+01 -4.615248e-01
 1.415000e+01 -7.755494e-01
 1.420000e+01 -1.070318e+00
 1.425000e+01 -1.342885e+00
 1.430000e+01 -1.590528e+00
 1.435000e+01 -1.810771e+00
 1.440000e+01 -2.001415e+00
 1.445000e+01 -2.160554e+00
 1.450000e+01 -2.286598e+00
 1.455000e+01 -2.378289e+00
 1.460000e+01 -2.434709e+00
 1.465000e+01 -2.455295e+00
 1.470000e+01 -2.439842e+00
 1.475000e+01 -2.388504e+00
 1.480000e+01 -2.301794e+00
 1.485000e+01 -2.180577e+00
 1.490000e+01 -2.026066e+00
 1.495000e+01 -1.839804e+00
 1.500000e+01 -1.623653e+00
 1.505000e+01 -1.379771e+00
 1.510000e+01 -1.110596e+00
 1.515000e+01 -8.188169e-01
 1.520000e+01 -5.073497e-01
 1.525000e+01 -1.793061e-01
 1.530000e+01  1.620362e-01
 1.535000e+01  5.132665e-01
 1.540000e+01  8.708755e-01
 1.545000e+01  1.231290e+00
 1.550000e+01  1.590909e+00
 1.555000e+01  1.946139e+00
 1.560000e+01  2.293431e+00
 1.565000e+01  2.629315e+00
 1.570000e+01  2.950435e+00
 1.575000e+01  3.253582e+00
 1.580000e+01  3.535728e+00
 1.585000e+01  3.794053e+00
 1.590000e+01  4.025975e+00
 1.595000e+01  4.229179e+00
 1.600000e+01  4.401633e+00
 1.605000e+01  4.541615e+00
 1.610000e+01  4.647726e+00
 1.615000e+01  4.718905e+00
 1.620000e+01  4.754441e+00
 1.625000e+01  4.753979e+00
 1.630000e+01  4.717525e+00
 1.635000e+01  4.645441e+00
 1.640000e+01  4.538449e+00
 1.645000e+01  4.397618e+00
 1.650000e+01  4.224354e+00
 1.655000e+01  4.020388e+00
 1.660000e+01  3.787760e+00
 1.665000e+01  3.528792e+00
 1.670000e+01  3.246073e+00
 1.675000e+01  2.942427e+00
 1.680000e+01  2.620889e+00
 1.685000e+01  2.284670e+00
 1.690000e+01  1.937131e+00
 1.695000e+01  1.581744e+00
 1.700000e+01  1.222060e+00
 1.705000e+01  8.616722e-01
 1.710000e+01  5.041821e-01
 1.715000e+01  1.531615e-01
 1.720000e+01 -1.878824e-01
 1.725000e+01 -5.155419e-01
 1.730000e+01 -8.265433e-01
 1.735000e+01 -1.117779e+00
 1.740000e+01 -1.386339e+00
 1.745000e+01 -1.629541e+00
 1.750000e+01 -1.844953e+00
 1.755000e+01 -2.030424e+00
 1.760000e+01 -2.184101e+00
 1.765000e+01 -2.304448e+00
 1.770000e+01 -2.390262e+00
 1.775000e+01 -2.440687e+00
 1.780000e+01 -2.455218e+00
 1.785000e+01 -2.433710e+00
 1.790000e+01 -2.376379e+00
 1.795000e+01 -2.283796e+00
 1.800000e+01 -2.156887e+00
 1.805000e+01 -1.996920e+00
 1.810000e+01 -1.805494e+00
 1.815000e+01 -1.584521e+00
 1.820000e+01 -1.336209e+00
 1.825000e+01 -1.063038e+00
 1.830000e+01 -7.677391e-01
 1.835000e+01 -4.532621e-01
 1.840000e+01 -1.227491e-01
 1.845000e+01  2.204975e-01
 1.850000e+01  5.730479e-01
 1.855000e+01  9.313798e-01
 1.860000e+01  1.291913e+00
 1.865000e+01  1.651044e+00
 1.870000e+01  2.005186e+00
 1.875000e+01  2.350800e+00
 1.880000e+01  2.684433e+00
 1.885000e+01  3.002750e+00
 1.890000e+01  3.302573e+00
 1.895000e+01  3.580904e+00
 1.900000e+01  3.834963e+00
 1.905000e+01  4.062211e+00
 1.910000e+01  4.260378e+00
 1.915000e+01  4.427484e+00
 1.920000e+01  4.561859e+00
 1.925000e+01  4.662161e+00
 1.930000e+01  4.727387e+00
 1.935000e+01  4.756885e+00
 1.940000e+01  4.750362e+00
 1.945000e+01  4.707881e+00
 1.950000e+01  4.629868e+00
 1.955000e+01  4.517102e+00
 1.960000e+01  4.370709e+00
 1.965000e+01  4.192153e+00
 1.970000e+01  3.983217e+00
 1.975000e+01  3.745990e+00
 1.980000e+01  3.482841e+00
 1.985000e+01  3.196399e+00
 1.990000e+01  2.889527e+00
 1.995000e+01  2.565291e+00
 2.000000e+01  2.226931e+00
